intrinsic:
1125.15939 0.0 965.760794
0.0 910.2233367566544 372.6634999577232 
0.0 0.0 1.0 
distortion:
0.20303834 -0.53819145  0.00206304 -0.00049919  0.37185193
